 1 4.13000000000000e-02 0.00000000000000e+00 0.00000000000000e+00
 2 5.62000000000000e-02 4.09000000000000e-02 0.00000000000000e+00
 3 6.93000000000000e-02 7.69000000000000e-02 0.00000000000000e+00
 4 8.23600000000000e-02 1.12830000000000e-01 0.00000000000000e+00
 5 9.54400000000000e-02 1.48770000000000e-01 0.00000000000000e+00
 6 1.08520000000000e-01 1.84720000000000e-01 0.00000000000000e+00
 7 1.21600000000000e-01 2.20660000000000e-01 0.00000000000000e+00
 8 1.34690000000000e-01 2.56600000000000e-01 0.00000000000000e+00
 9 1.47770000000000e-01 2.92550000000000e-01 0.00000000000000e+00
10 1.60850000000000e-01 3.28490000000000e-01 0.00000000000000e+00
11 1.73930000000000e-01 3.64430000000000e-01 0.00000000000000e+00
12 1.87010000000000e-01 4.00380000000000e-01 0.00000000000000e+00
13 2.00100000000000e-01 4.36320000000000e-01 0.00000000000000e+00
14 2.13180000000000e-01 4.72260000000000e-01 0.00000000000000e+00
15 2.26260000000000e-01 5.08210000000000e-01 0.00000000000000e+00
16 2.31170000000000e-01 5.21680000000000e-01 0.00000000000000e+00
