 1 4.12900000000000e-02 0.00000000000000e+00 0.00000000000000e+00
 2 4.88600000000000e-02 4.29100000000000e-02 0.00000000000000e+00
 3 5.54900000000000e-02 8.05800000000000e-02 0.00000000000000e+00
 4 6.21400000000000e-02 1.18250000000000e-01 0.00000000000000e+00
 5 6.87800000000000e-02 1.55910000000000e-01 0.00000000000000e+00
 6 7.54200000000000e-02 1.93580000000000e-01 0.00000000000000e+00
 7 8.20700000000000e-02 2.31250000000000e-01 0.00000000000000e+00
 8 8.87200000000000e-02 2.68920000000000e-01 0.00000000000000e+00
 9 9.53500000000000e-02 3.06600000000000e-01 0.00000000000000e+00
10 1.01990000000000e-01 3.44260000000000e-01 0.00000000000000e+00
11 1.08630000000000e-01 3.81930000000000e-01 0.00000000000000e+00
12 1.15270000000000e-01 4.19610000000000e-01 0.00000000000000e+00
13 1.21920000000000e-01 4.57270000000000e-01 0.00000000000000e+00
14 1.28560000000000e-01 4.94920000000000e-01 0.00000000000000e+00
15 1.35200000000000e-01 5.32610000000000e-01 0.00000000000000e+00
16 1.37690000000000e-01 5.46730000000000e-01 0.00000000000000e+00
