 1 3.05490048504409e-03 8.14015611461189e-03 5.55331373915134e-05
 2 8.71787044390150e-04 -1.33984651225295e-03 9.17199660244391e-05
 3 1.55792077517647e-03 -9.38863721276634e-05 1.07389153763285e-04
 4 2.11486353989855e-03 1.69165752260649e-03 1.03597018625786e-04
 5 1.33882057284539e-03 -7.24913100817182e-05 9.90571461144122e-05
 6 1.59767440622317e-03 -8.33825813670308e-05 1.07371539357338e-04
 7 1.35316958174921e-03 -8.12547606598990e-05 9.90805727419213e-05
 8 -1.10822256431184e-03 -6.77417377785927e-04 9.11754052488185e-04
 9 -4.76829801854178e-04 4.66741360012735e-04 8.11371142248017e-04
10 1.34809831299273e-03 -8.01112587354158e-05 9.90734417439296e-05
11 8.44328170033215e-04 -1.84618529298775e-03 1.03627057424772e-04
12 1.33287101314308e-03 4.69462783220576e-04 2.57538734978562e-04
13 -9.57391070645297e-04 -9.67235687026169e-04 7.54238824248156e-04
14 -2.41884908178389e-03 -3.10550241932250e-03 8.76147097319539e-04
15 -1.54025579122677e-03 -3.24232767417676e-03 -2.96157399406676e-05
16 -4.88576428540698e-02 3.19868191746386e-03 -5.30667894341880e-06
