 1 8.28050439962229e-07 1.02334263147076e-05 1.05684281860531e-05 -3.36062862022776e-07 -2.16142071050848e-08 -1.90718610541462e-09
 2 1.73483017099653e-06 1.05144948455138e-05 1.19366710514376e-05 -6.02787124869380e-07 -1.71241698896012e-08 -7.73729010043718e-10
 3 2.61935512057554e-06 1.19893700159659e-05 1.42683953783280e-05 -9.41914568425280e-07 -1.95988782849458e-08 -1.91214639263379e-10
 4 1.90280574141483e-06 1.09223964044665e-05 1.24991860348532e-05 -7.18482181515475e-07 -1.88227837418433e-08 -1.63771788365478e-09
 5 1.31502606746441e-06 9.80486377015509e-06 1.08082661579073e-05 -4.59262013683749e-07 -1.69669780397161e-08 -1.36614657222166e-10
 6 2.61639371945451e-06 1.19740987384223e-05 1.42501712845890e-05 -9.37805693986711e-07 -1.95526456902959e-08 -1.87099901792621e-10
 7 1.31614975072453e-06 9.80056615833506e-06 1.08052007743727e-05 -4.61849697692561e-07 -1.69525774966692e-08 -1.43769989509229e-10
 8 3.75585285908005e-06 1.36726381970677e-05 1.65502617173234e-05 -1.38971073318706e-06 2.70415534204284e-07 6.44271529119628e-08
 9 2.56389054880213e-06 1.23705354488074e-05 1.41689476010393e-05 -1.19084584791768e-06 2.36861910082746e-07 1.18374151901374e-07
10 1.31608880345886e-06 9.80547381273911e-06 1.08100373557317e-05 -4.60579224614256e-07 -1.69617278315611e-08 -1.41722811633644e-10
11 1.90530917873947e-06 1.08476659416048e-05 1.24270538546575e-05 -6.35447092269456e-07 -1.77230426986391e-08 1.30847649029578e-09
12 2.91485168566594e-06 1.21353025500260e-05 1.46195619283511e-05 -8.39449367829542e-07 8.38062366445688e-09 -6.01302249386615e-08
13 1.78253732071947e-06 1.09303363750492e-05 1.20537238847810e-05 -7.62432323854227e-07 1.87192398721740e-07 7.90475092773848e-08
14 2.57493237919328e-06 1.24209518401733e-05 1.42226153455838e-05 -1.11124607787490e-06 3.03184726296377e-07 1.25587199495828e-07
15 1.47380269444390e-06 1.36572819042234e-05 1.44907780183528e-05 -2.29733631635168e-07 -1.14658612011971e-08 1.82992385767983e-09
16 7.28323942751606e-07 1.95666600946019e-04 1.95999936250989e-04 -1.95315311905493e-06 -1.26534132160005e-08 -1.70414803565670e-09
