 1 1.73875219248450e-03 8.62500931243665e-03 5.43850822820389e-05
 2 1.23998011219326e-03 -1.42252342954916e-03 8.86450577732304e-05
 3 1.28440000124655e-03 -1.91218808150305e-03 1.00214941838255e-04
 4 1.27669602611516e-03 -1.91377908775725e-03 1.00169663209428e-04
 5 1.27559318076441e-03 -1.90808396813461e-03 1.00159058675028e-04
 6 1.71278841528527e-03 -3.76710223397858e-05 1.03667662820141e-04
 7 1.47643931881444e-03 -3.58479313410098e-05 9.58758498443731e-05
 8 -5.08984626840195e-04 -5.60770007797529e-04 7.91515067610183e-04
 9 -1.44879844270793e-04 7.09041081194295e-04 7.15978445451537e-04
10 1.48101191247538e-03 -3.59604048381645e-05 9.58758501054637e-05
11 1.27852974347924e-03 -1.90975806503646e-03 1.00169202380231e-04
12 1.42086303081353e-03 4.33705291254693e-04 2.28430252714718e-04
13 -3.44998758283949e-04 -8.32122260930768e-04 6.51160815771339e-04
14 -1.40322683776226e-03 -3.05076350985906e-03 7.64027115330161e-04
15 -4.71960788369929e-03 -4.45676769437797e-03 -2.39769283206869e-05
16 4.49036531576184e-02 2.66948472624795e-03 -7.27683817325292e-06
