 1 9.05982013723003e-07 1.02309834824827e-05 1.06441011412979e-05 -2.41652846716972e-07 -2.13291074939031e-08 -1.90603666877279e-09
 2 1.96381336650033e-06 1.05250432343024e-05 1.21761912318249e-05 -3.23065322558405e-07 -1.70393517987238e-08 -7.64109829335730e-10
 3 2.15663563458293e-06 1.08509224040542e-05 1.26816615909468e-05 -3.28326932811425e-07 -1.80583016476633e-08 1.43598335509211e-09
 4 2.15611022417490e-06 1.08501568214202e-05 1.26803487217539e-05 -3.28333033614819e-07 -1.80358545673352e-08 1.43480138675052e-09
 5 2.15696761766539e-06 1.08511018676573e-05 1.26821377707917e-05 -3.28811630015552e-07 -1.80358975530017e-08 1.42941157298000e-09
 6 2.97627582831392e-06 1.19175197804196e-05 1.45534458361581e-05 -5.20442612597910e-07 -1.96080782268225e-08 -9.86484097332274e-11
 7 1.48161983376324e-06 9.82123998108859e-06 1.09913468683304e-05 -2.53695258134825e-07 -1.69813108911122e-08 -7.35759556747611e-11
 8 3.89922864276452e-06 1.31531958246276e-05 1.63675250317304e-05 -8.17624261212795e-07 2.29072376985582e-07 5.87131141912056e-08
 9 2.66855535813074e-06 1.19477481429170e-05 1.40044256352098e-05 -8.20454605937869e-07 1.94280155632172e-07 1.12720295632256e-07
10 1.48160116627039e-06 9.82202351580544e-06 1.09921117362960e-05 -2.53481317747953e-07 -1.69845880648569e-08 -6.50730668405093e-11
11 2.15561668294138e-06 1.08503167363016e-05 1.26800032715649e-05 -3.28234744615780e-07 -1.80385125234816e-08 1.43168996341495e-09
12 3.22991002527329e-06 1.20672253700872e-05 1.48987520182070e-05 -3.90340741439703e-07 1.40872072179390e-08 -5.41288603082503e-08
13 1.82472509086134e-06 1.06419346329344e-05 1.19327762646339e-05 -5.05883314461251e-07 1.51093404300695e-07 7.32704783431351e-08
14 2.63172405112408e-06 1.19899009325770e-05 1.40399553927178e-05 -7.34000193531013e-07 2.55868116124277e-07 1.19736860253164e-07
15 1.77115619690674e-06 1.37906000192477e-05 1.49216323131707e-05 8.57054493486581e-08 -1.25362865410318e-08 2.69179454682089e-09
16 7.08348010841166e-07 1.17505553643356e-04 1.17867502901682e-04 2.42745936484505e-06 3.58489348453775e-09 -1.69709457506072e-09
